density = 
3.3e3

viscosity = 
1e8

diffusivity = 
1e-6

expansion_coefficient = 
3e-5

nx =
10

ny =
30

x_extend =
100

y_extend =
100

Temperature = 
1.6e3 1.6e3 1.6e3 1.6e3 1.6e3 1.6e3 1.6e3 1.6e3 1.6e3 1.6e3 1.6e3 1.6e3 1.6e3 1.6e3 1.6e3 1.6e3 1.6e3 1.6e3 1.6e3 1.6e3 1.6e3 1.6e3 1.6e3 1.6e3 1.6e3 1.6e3 1.6e3 1.6e3 1.6e3 1.6e3 
1.6e3 1.6e3 1.6e3 1.6e3 1.6e3 1.6e3 1.6e3 1.6e3 1.6e3 1.6e3 1.6e3 1.6e3 1.6e3 1.6e3 1.6e3 1.6e3 1.6e3 1.6e3 1.6e3 1.6e3 1.6e3 1.6e3 1.6e3 1.6e3 1.6e3 1.6e3 1.6e3 1.6e3 1.6e3 1.6e3 
1.6e3 1.6e3 1.6e3 1.6e3 1.6e3 1.6e3 1.6e3 1.6e3 1.6e3 1.6e3 1.6e3 1.6e3 1.6e3 1.6e3 1.6e3 1.6e3 1.6e3 1.6e3 1.6e3 1.6e3 1.6e3 1.6e3 1.6e3 1.6e3 1.6e3 1.6e3 1.6e3 1.6e3 1.6e3 1.6e3 
1.6e3 1.6e3 1.6e3 1.6e3 1.6e3 1.6e3 1.6e3 1.6e3 1.6e3 1.6e3 1.6e3 1.6e3 1.6e3 1.6e3 1.6e3 1.6e3 1.6e3 1.6e3 1.6e3 1.6e3 1.6e3 1.6e3 1.6e3 1.6e3 1.6e3 1.6e3 1.6e3 1.6e3 1.6e3 1.6e3 
1.6e3 1.6e3 1.6e3 1.6e3 1.6e3 1.6e3 1.6e3 1.6e3 1.6e3 1.6e3 1.6e3 1.6e3 1.6e3 1.6e3 1.6e3 1.6e3 1.6e3 1.6e3 1.6e3 1.6e3 1.6e3 1.6e3 1.6e3 1.6e3 1.6e3 1.6e3 1.6e3 1.6e3 1.6e3 1.6e3 
1.6e3 1.6e3 1.6e3 1.6e3 1.6e3 1.6e3 1.6e3 1.6e3 1.6e3 1.6e3 1.6e3 1.6e3 1.6e3 1.6e3 1.6e3 1.6e3 1.6e3 1.6e3 1.6e3 1.6e3 1.6e3 1.6e3 1.6e3 1.6e3 1.6e3 1.6e3 1.6e3 1.6e3 1.6e3 1.6e3 
1.6e3 1.6e3 1.6e3 1.6e3 1.6e3 1.6e3 1.6e3 1.6e3 1.6e3 1.6e3 1.6e3 1.6e3 1.6e3 1.6e3 1.6e3 1.6e3 1.6e3 1.6e3 1.6e3 1.6e3 1.6e3 1.6e3 1.6e3 1.6e3 1.6e3 1.6e3 1.6e3 1.6e3 1.6e3 1.6e3 
1.6e3 1.6e3 1.6e3 1.6e3 1.6e3 1.6e3 1.6e3 1.6e3 1.6e3 1.6e3 1.6e3 1.6e3 1.6e3 1.6e3 1.6e3 1.6e3 1.6e3 1.6e3 1.6e3 1.6e3 1.6e3 1.6e3 1.6e3 1.6e3 1.6e3 1.6e3 1.6e3 1.6e3 1.6e3 1.6e3 
1.6e3 1.6e3 1.6e3 1.6e3 1.6e3 1.6e3 1.6e3 1.6e3 1.6e3 1.6e3 1.6e3 1.6e3 1.6e3 1.6e3 1.6e3 1.6e3 1.6e3 1.6e3 1.6e3 1.6e3 1.6e3 1.6e3 1.6e3 1.6e3 1.6e3 1.6e3 1.6e3 1.6e3 1.6e3 1.6e3 
1.6e3 1.6e3 1.6e3 1.6e3 1.6e3 1.6e3 1.6e3 1.6e3 1.6e3 1.6e3 1.6e3 1.6e3 1.6e3 1.6e3 1.6e3 1.6e3 1.6e3 1.6e3 1.6e3 1.6e3 1.6e3 1.6e3 1.6e3 1.6e3 1.6e3 1.6e3 1.6e3 1.6e3 1.6e3 1.6e3 

Velocity_X = 
1.6e3 1.6e3 1.6e3 1.6e3 1.6e3 1.6e3 1.6e3 1.6e3 1.6e3 1.6e3 1.6e3 1.6e3 1.6e3 1.6e3 1.6e3 1.6e3 1.6e3 1.6e3 1.6e3 1.6e3 1.6e3 1.6e3 1.6e3 1.6e3 1.6e3 1.6e3 1.6e3 1.6e3 1.6e3 1.6e3 
1.6e3 1.6e3 1.6e3 1.6e3 1.6e3 1.6e3 1.6e3 1.6e3 1.6e3 1.6e3 1.6e3 1.6e3 1.6e3 1.6e3 1.6e3 1.6e3 1.6e3 1.6e3 1.6e3 1.6e3 1.6e3 1.6e3 1.6e3 1.6e3 1.6e3 1.6e3 1.6e3 1.6e3 1.6e3 1.6e3 
1.6e3 1.6e3 1.6e3 1.6e3 1.6e3 1.6e3 1.6e3 1.6e3 1.6e3 1.6e3 1.6e3 1.6e3 1.6e3 1.6e3 1.6e3 1.6e3 1.6e3 1.6e3 1.6e3 1.6e3 1.6e3 1.6e3 1.6e3 1.6e3 1.6e3 1.6e3 1.6e3 1.6e3 1.6e3 1.6e3 
1.6e3 1.6e3 1.6e3 1.6e3 1.6e3 1.6e3 1.6e3 1.6e3 1.6e3 1.6e3 1.6e3 1.6e3 1.6e3 1.6e3 1.6e3 1.6e3 1.6e3 1.6e3 1.6e3 1.6e3 1.6e3 1.6e3 1.6e3 1.6e3 1.6e3 1.6e3 1.6e3 1.6e3 1.6e3 1.6e3 
1.6e3 1.6e3 1.6e3 1.6e3 1.6e3 1.6e3 1.6e3 1.6e3 1.6e3 1.6e3 1.6e3 1.6e3 1.6e3 1.6e3 1.6e3 1.6e3 1.6e3 1.6e3 1.6e3 1.6e3 1.6e3 1.6e3 1.6e3 1.6e3 1.6e3 1.6e3 1.6e3 1.6e3 1.6e3 1.6e3 
1.6e3 1.6e3 1.6e3 1.6e3 1.6e3 1.6e3 1.6e3 1.6e3 1.6e3 1.6e3 1.6e3 1.6e3 1.6e3 1.6e3 1.6e3 1.6e3 1.6e3 1.6e3 1.6e3 1.6e3 1.6e3 1.6e3 1.6e3 1.6e3 1.6e3 1.6e3 1.6e3 1.6e3 1.6e3 1.6e3 
1.6e3 1.6e3 1.6e3 1.6e3 1.6e3 1.6e3 1.6e3 1.6e3 1.6e3 1.6e3 1.6e3 1.6e3 1.6e3 1.6e3 1.6e3 1.6e3 1.6e3 1.6e3 1.6e3 1.6e3 1.6e3 1.6e3 1.6e3 1.6e3 1.6e3 1.6e3 1.6e3 1.6e3 1.6e3 1.6e3 
1.6e3 1.6e3 1.6e3 1.6e3 1.6e3 1.6e3 1.6e3 1.6e3 1.6e3 1.6e3 1.6e3 1.6e3 1.6e3 1.6e3 1.6e3 1.6e3 1.6e3 1.6e3 1.6e3 1.6e3 1.6e3 1.6e3 1.6e3 1.6e3 1.6e3 1.6e3 1.6e3 1.6e3 1.6e3 1.6e3 
1.6e3 1.6e3 1.6e3 1.6e3 1.6e3 1.6e3 1.6e3 1.6e3 1.6e3 1.6e3 1.6e3 1.6e3 1.6e3 1.6e3 1.6e3 1.6e3 1.6e3 1.6e3 1.6e3 1.6e3 1.6e3 1.6e3 1.6e3 1.6e3 1.6e3 1.6e3 1.6e3 1.6e3 1.6e3 1.6e3 
1.6e3 1.6e3 1.6e3 1.6e3 1.6e3 1.6e3 1.6e3 1.6e3 1.6e3 1.6e3 1.6e3 1.6e3 1.6e3 1.6e3 1.6e3 1.6e3 1.6e3 1.6e3 1.6e3 1.6e3 1.6e3 1.6e3 1.6e3 1.6e3 1.6e3 1.6e3 1.6e3 1.6e3 1.6e3 1.6e3 


Velocity_Y = 
0 0 0 0 0 0 0 0 0 0 0 0 0 0 0 0 0 0 0 0 0 0 0 0 0 0 0 0 0 0
0 0 0 0 0 0 0 0 0 0 0 0 0 0 0 0 0 0 0 0 0 0 0 0 0 0 0 0 0 0
0 0 0 0 0 0 0 0 0 0 0 0 0 0 0 0 0 0 0 0 0 0 0 0 0 0 0 0 0 0
0 0 0 0 0 0 0 0 0 0 0 0 0 0 0 0 0 0 0 0 0 0 0 0 0 0 0 0 0 0
0 0 0 0 0 0 0 0 0 0 0 0 0 0 0 0 0 0 0 0 0 0 0 0 0 0 0 0 0 0
0 0 0 0 0 0 0 0 0 0 0 0 0 0 0 0 0 0 0 0 0 0 0 0 0 0 0 0 0 0
0 0 0 0 0 0 0 0 0 0 0 0 0 0 0 0 0 0 0 0 0 0 0 0 0 0 0 0 0 0
0 0 0 0 0 0 0 0 0 0 0 0 0 0 0 0 0 0 0 0 0 0 0 0 0 0 0 0 0 0
0 0 0 0 0 0 0 0 0 0 0 0 0 0 0 0 0 0 0 0 0 0 0 0 0 0 0 0 0 0
0 0 0 0 0 0 0 0 0 0 0 0 0 0 0 0 0 0 0 0 0 0 0 0 0 0 0 0 0 0
